[1, 0, 0, 0]
[1, 0, 0, 0]
[1, 0, 0, 0]
[1, 0, 0, 0]
[1, 0, 0, 0]
[1, 13, 0, 0]
[1, 0, 0, 0]
[1, 1, 0, 0]
[1, 1, 0, 0]
[1, 1, 25, 0]
[1, 1, 25, 0]
[1, 1, 26, 0]
[1, 1, 26, 0]
[1, 1, 0, 0]
[1, 1, 1, 0]
[1, 1, 6, 0]
[1, 1, 6, 0]
[1, 1, 6, 6]
[3, 1, 6, 6]
[3, 0, 6, 6]
[3, 6, 6, 6]
[3, 6, 6, 6]
[3, 6, 6, 6]
[3, 21, 6, 6]
[3, 0, 6, 6]
[3, 1, 6, 6]
[3, 1, 0, 6]
[3, 1, 25, 6]
[3, 1, 25, 6]
[3, 1, 26, 6]
[3, 1, 26, 156]
[3, 1, 0, 156]
[3, 1, 3, 156]
[3, 1, 17, 156]
[3, 1, 17, 156]
[3, 1, 17, 173]
[5, 1, 17, 173]
[5, 0, 17, 173]
[5, 173, 17, 173]
[5, 17, 17, 173]
[5, 17, 17, 173]
[5, 32, 17, 173]
[5, 0, 17, 173]
[5, 1, 17, 173]
[5, 1, 0, 173]
[5, 1, 25, 173]
[5, 1, 25, 173]
[5, 1, 26, 173]
[5, 1, 26, 4498]
[5, 1, 0, 4498]
[5, 1, 5, 4498]
[5, 1, 20, 4498]
[5, 1, 20, 4498]
[5, 1, 20, 4518]
[7, 1, 20, 4518]
[7, 0, 20, 4518]
[7, 4518, 20, 4518]
[7, 20, 20, 4518]
[7, 20, 20, 4518]
[7, 31, 20, 4518]
[7, 0, 20, 4518]
[7, 1, 20, 4518]
[7, 1, 0, 4518]
[7, 1, 25, 4518]
[7, 1, 25, 4518]
[7, 1, 26, 4518]
[7, 1, 26, 117468]
[7, 1, 0, 117468]
[7, 1, 7, 117468]
[7, 1, 23, 117468]
[7, 1, 23, 117468]
[7, 1, 23, 117491]
[9, 1, 23, 117491]
[9, 0, 23, 117491]
[9, 117491, 23, 117491]
[9, 23, 23, 117491]
[9, 23, 23, 4518]
[9, 7, 23, 4518]
[9, 0, 23, 4518]
[9, 1, 23, 4518]
[9, 1, 0, 4518]
[9, 1, 25, 4518]
[9, 1, 25, 4518]
[9, 1, 26, 4518]
[9, 1, 26, 117468]
[9, 1, 0, 117468]
[9, 1, 9, 117468]
[9, 1, 17, 117468]
[9, 1, 17, 117468]
[9, 1, 17, 117485]
[2, 1, 17, 117485]
[2, 0, 17, 117485]
[2, 117485, 17, 117485]
[2, 17, 17, 117485]
[2, 17, 17, 4518]
[2, 6, 17, 4518]
[2, 0, 17, 4518]
[2, 1, 17, 4518]
[2, 1, 0, 4518]
[2, 1, 25, 4518]
[2, 1, 25, 4518]
[2, 1, 26, 4518]
[2, 1, 26, 117468]
[2, 1, 0, 117468]
[2, 1, 2, 117468]
[2, 1, 11, 117468]
[2, 1, 11, 117468]
[2, 1, 11, 117479]
[4, 1, 11, 117479]
[4, 0, 11, 117479]
[4, 117479, 11, 117479]
[4, 11, 11, 117479]
[4, 11, 11, 4518]
[4, 5, 11, 4518]
[4, 0, 11, 4518]
[4, 1, 11, 4518]
[4, 1, 0, 4518]
[4, 1, 25, 4518]
[4, 1, 25, 4518]
[4, 1, 26, 4518]
[4, 1, 26, 117468]
[4, 1, 0, 117468]
[4, 1, 4, 117468]
[4, 1, 6, 117468]
[4, 1, 6, 117468]
[4, 1, 6, 117474]
[6, 1, 6, 117474]
[6, 0, 6, 117474]
[6, 117474, 6, 117474]
[6, 6, 6, 117474]
[6, 6, 6, 117474]
[6, 17, 6, 117474]
[6, 0, 6, 117474]
[6, 1, 6, 117474]
[6, 1, 0, 117474]
[6, 1, 25, 117474]
[6, 1, 25, 117474]
[6, 1, 26, 117474]
[6, 1, 26, 3054324]
[6, 1, 0, 3054324]
[6, 1, 6, 3054324]
[6, 1, 19, 3054324]
[6, 1, 19, 3054324]
[6, 1, 19, 3054343]
[8, 1, 19, 3054343]
[8, 0, 19, 3054343]
[8, 3054343, 19, 3054343]
[8, 19, 19, 3054343]
[8, 19, 19, 3054343]
[8, 29, 19, 3054343]
[8, 0, 19, 3054343]
[8, 1, 19, 3054343]
[8, 1, 0, 3054343]
[8, 1, 25, 3054343]
[8, 1, 25, 3054343]
[8, 1, 26, 3054343]
[8, 1, 26, 79412918]
[8, 1, 0, 79412918]
[8, 1, 8, 79412918]
[8, 1, 24, 79412918]
[8, 1, 24, 79412918]
[8, 1, 24, 79412942]
[9, 1, 24, 79412942]
[9, 0, 24, 79412942]
[9, 79412942, 24, 79412942]
[9, 24, 24, 79412942]
[9, 24, 24, 3054343]
[9, 14, 24, 3054343]
[9, 0, 24, 3054343]
[9, 1, 24, 3054343]
[9, 1, 0, 3054343]
[9, 1, 25, 3054343]
[9, 1, 25, 3054343]
[9, 1, 26, 3054343]
[9, 1, 26, 79412918]
[9, 1, 0, 79412918]
[9, 1, 9, 79412918]
[9, 1, 15, 79412918]
[9, 1, 15, 79412918]
[9, 1, 15, 79412933]
[9, 1, 15, 79412933]
[9, 0, 15, 79412933]
[9, 79412933, 15, 79412933]
[9, 15, 15, 79412933]
[9, 15, 15, 3054343]
[9, 7, 15, 3054343]
[9, 0, 15, 3054343]
[9, 1, 15, 3054343]
[9, 1, 0, 3054343]
[9, 1, 25, 3054343]
[9, 1, 25, 3054343]
[9, 1, 26, 3054343]
[9, 1, 26, 79412918]
[9, 1, 0, 79412918]
[9, 1, 9, 79412918]
[9, 1, 15, 79412918]
[9, 1, 15, 79412918]
[9, 1, 15, 79412933]
[9, 1, 15, 79412933]
[9, 0, 15, 79412933]
[9, 79412933, 15, 79412933]
[9, 15, 15, 79412933]
[9, 15, 15, 3054343]
[9, 4, 15, 3054343]
[9, 0, 15, 3054343]
[9, 1, 15, 3054343]
[9, 1, 0, 3054343]
[9, 1, 25, 3054343]
[9, 1, 25, 3054343]
[9, 1, 26, 3054343]
[9, 1, 26, 79412918]
[9, 1, 0, 79412918]
[9, 1, 9, 79412918]
[9, 1, 18, 79412918]
[9, 1, 18, 79412918]
[9, 1, 18, 79412936]
[9, 1, 18, 79412936]
[9, 0, 18, 79412936]
[9, 79412936, 18, 79412936]
[9, 18, 18, 79412936]
[9, 18, 18, 79412936]
[9, 30, 18, 79412936]
[9, 0, 18, 79412936]
[9, 1, 18, 79412936]
[9, 1, 0, 79412936]
[9, 1, 25, 79412936]
[9, 1, 25, 79412936]
[9, 1, 26, 79412936]
[9, 1, 26, 2064736336]
[9, 1, 0, 2064736336]
[9, 1, 9, 2064736336]
[9, 1, 20, 2064736336]
[9, 1, 20, 2064736336]
[9, 1, 20, 2064736356]
[9, 1, 20, 2064736356]
[9, 0, 20, 2064736356]
[9, 2064736356, 20, 2064736356]
[9, 20, 20, 2064736356]
[9, 20, 20, 79412936]
[9, 5, 20, 79412936]
[9, 0, 20, 79412936]
[9, 1, 20, 79412936]
[9, 1, 0, 79412936]
[9, 1, 25, 79412936]
[9, 1, 25, 79412936]
[9, 1, 26, 79412936]
[9, 1, 26, 2064736336]
[9, 1, 0, 2064736336]
[9, 1, 9, 2064736336]
[9, 1, 14, 2064736336]
[9, 1, 14, 2064736336]
[9, 1, 14, 2064736350]
z: 2064736350