252073080
3360
748
72634320
57
2541
12854556
2346
11541506
6720
265517166
45391249568
824040
2758086
4816271700
387
34957440
31876423
23814000
1045856
4814
2709504
1491708960
248832
39891600
24192
14
1327392
1170
1793111985
60816
62892
12237980
64708
1404
12002293
5275
7325614080
24300
176378643
1092
27521885160
11187
40976
1512
59895000
47305787760
504
1927680
572184
6246
5544250
254800
33462
11609526
10
1024
103854905
179712
6000
1137966570
360811800
134560
15371
10880
11830
429120
140
25451300
1920
13437900
92809
6095943
155
35685
1430
728
248
61740
10164
103510043
12383280
444
56790429696
152046072
14160
1944
1551798
71416
6144
629340
11541
42336
719547494400
204
15974460
2857680
3282300
15079680
452877120
590
5760
5661
30051840
71726760
716840280000
912
5313600
149970600
868
496
3584
25
2965248
11016
77
144
13230
12312
3335640
2827440
2156
31455
306
124176
1350
447958
4
238
3685500
502965650880
30800
635292
276
735376320
1440
266837032
3983616
1036
26290656
2658
974682626400
9
4410
144
1950
121252454400
36504
75
9900
9080424
28233
2400
10092240000
39699
21448
2073678
37
2574
7738
11200
23306496
2223138926400
22397004
2897667
124
1050
340200
55440
2236360
78570
6820
23345
378181440
486
288540
460043886
50846601609216
15353864
423504
13770
31752
14131546429
41546
7741762
1047548
25200
1651839
39312
64872675840
7240
7371000
5396090220
42336024
675
1596
81566352
590
22809798
285399
22308
1166400
514296
17059840
5022
11290560
13824
34566
1653600
96449184000
123676
82495970792928
201
8148
2520602208
8643
1118000
810
1449
125
14112
42
3375
17192
1080
33172992
31780
7220137848
126
3916
33066880
18954
1935360
605
2772
23714
635821003296
117600
14112
24
1091550485020
873
9812
124800
3456
67488
14112
79362666
17915917
360
50148
896
20810160
7776
12471732
394680
4605120
31817856
2243376
4066650
17
472507
1641312
149400
752640
46147584
248
16524
138
2482792200
38658676896
85344
162
24
3888
80850
4008
309
61167
5520
144
1980
178332
543375
225
190857
8800
30965760
112000
431360
68
218700
2032
1519024
39144448
988207
143000
26313
1869
428310
9628630
172480
506
1889568000
140
112904
91456
1503728
98
10506240
31726287
150
65286396
540
30191616
269760
542662
309400
1219281600
13245
10080
1126
1568
1058508
864
67314240
101192
264
5223933
63313920
258708
42
1008
1669410
35328
1540
424569600
683
2646000
110656
3325
552384
207233208
50
1830
3360
5402583270
417480
2115
15637350
120990
727272
23160
360
18258448
18
210945280
3660
525
14929920
1043476
21828
91808640000
792
4904516044800
14070996720
8448
24
2752176
1210460160
449
509985720
3763968
491040
188640
279606060
2375049600
24106188254400
252073080
3360
748
72634320
57
2541
12854556
2346
11541506
6720
265517166
45391249568
824040
2758086
4816271700
387
34957440
31876423
23814000
1045856
4814
2709504
1491708960
248832
39891600
24192
14
1327392
1170
1793111985
60816
62892
12237980
64708
1404
12002293
5275
7325614080
24300
176378643
1092
27521885160
11187
40976
1512
59895000
47305787760
504
1927680
572184
6246
5544250
254800
33462
11609526
10
1024
103854905
179712
6000
1137966570
360811800
134560
15371
10880
11830
429120
140
25451300
1920
13437900
92809
6095943
155
35685
1430
728
248
61740
10164
103510043
12383280
444
56790429696
152046072
14160
1944
1551798
71416
6144
629340
11541
42336
719547494400
204
15974460
2857680
3282300
15079680
452877120
590
5760
5661
30051840
71726760
716840280000
912
5313600
149970600
868
496
3584
25
2965248
11016
77
144
13230
12312
3335640
2827440
2156
31455
306
124176
1350
447958
4
238
3685500
502965650880
30800
635292
276
735376320
1440
266837032
3983616
1036
26290656
2658
974682626400
9
4410
144
1950
121252454400
36504
75
9900
9080424
28233
2400
10092240000
39699
21448
2073678
37
2574
7738
11200
23306496
2223138926400
22397004
2897667
124
1050
340200
55440
2236360
78570
6820
23345
378181440
486
288540
460043886
50846601609216
15353864
423504
13770
31752
14131546429
41546
7741762
1047548
25200
1651839
39312
64872675840
7240
7371000
5396090220
42336024
675
1596
81566352
590
22809798
285399
22308
1166400
514296
17059840
5022
11290560
13824
34566
1653600
96449184000
123676
82495970792928
201
8148
2520602208
8643
1118000
810
1449
125
14112
42
3375
17192
1080
33172992
31780
7220137848
126
3916
33066880
18954
1935360
605
2772
23714
635821003296
117600
14112
24
1091550485020
873
9812
124800
3456
67488
14112
79362666
17915917
360
50148
896
20810160
7776
12471732
394680
4605120
31817856
2243376
4066650
17
472507
1641312
149400
752640
46147584
248
16524
138
2482792200
38658676896
85344
162
24
3888
80850
4008
309
61167
5520
144
1980
178332
543375
225
190857
8800
30965760
112000
431360
68
218700
2032
1519024
39144448
988207
143000
26313
1869
428310
9628630
172480
506
1889568000
140
112904
91456
1503728
98
10506240
31726287
150
65286396
540
30191616
269760
542662
309400
1219281600
13245
10080
1126
1568
1058508
864
67314240
101192
264
5223933
63313920
258708
42
1008
1669410
35328
1540
424569600
683
2646000
110656
3325
552384
207233208
50
1830
3360
5402583270
417480
2115
15637350
120990
727272
23160
360
18258448
18
210945280
3660
525
14929920
1043476
21828
91808640000
792
4904516044800
14070996720
8448
24
2752176
1210460160
449
509985720
3763968
491040
188640
279606060
2375049600
24106188254400
